camera_matrix:
- [737.7708343506883, 0.0, 603.1200558477202]
- [0.0, 744.006072480342, 380.94695454545024]
- [0.0, 0.0, 1.0]
distortion_coefficient:
- [0.051293074270623316, -0.36243353400376627, 0.0008700094236462991, -0.010048315048348123,
  0.5224938324433984]
rotation_vector:
- - [0.010277951751010332]
  - [-0.1447957834631715]
  - [-1.597146559266095]
- - [-0.008888702019835977]
  - [-0.11842351828375297]
  - [-1.5638616930925762]
translation_vector:
- - [-6.9558736084387105]
  - [1.4311110665024702]
  - [12.84366059353494]
- - [-6.623246748159795]
  - [1.1020352821776862]
  - [12.700160812546322]
