camera_matrix:
- [4088.607546188638, 0.0, 626.4778069933606]
- [0.0, 3765.4373198064727, 484.17830268060345]
- [0.0, 0.0, 1.0]
distortion_coefficient:
- [-1.2712523474874826, 23.498508117055895, -0.03376104119604536, -0.06542555937151642,
  -1088.2581507747984]
rotation_vector:
- - [0.0762693808850988]
  - [0.40109402442949427]
  - [0.10808235503920405]
translation_vector:
- - [-3.2620517695693607]
  - [-3.8991824423170303]
  - [41.57726927024341]
